# Made in Blockbench 4.1.3
mtllib buildsupport.mtl

o cube
v -0.375 0.125 0.4125000000000001
v -0.375 0.125 -0.4624999999999999
v -0.375 0 0.4125000000000001
v -0.375 0 -0.4624999999999999
v -0.5 0.125 -0.4624999999999999
v -0.5 0.125 0.4125000000000001
v -0.5 0 -0.4624999999999999
v -0.5 0 0.4125000000000001
vt 0.765625 0.4140625
vt 0.7578125 0.4140625
vt 0.7578125 0.3984375
vt 0.765625 0.3984375
vt 0.765625 0.4140625
vt 0.7578125 0.4140625
vt 0.7578125 0.3984375
vt 0.765625 0.3984375
vt 0.765625 0.4140625
vt 0.7578125 0.4140625
vt 0.7578125 0.3984375
vt 0.765625 0.3984375
vt 0.765625 0.4140625
vt 0.7578125 0.4140625
vt 0.7578125 0.3984375
vt 0.765625 0.3984375
vt 0.765625 0.4140625
vt 0.7578125 0.4140625
vt 0.7578125 0.3984375
vt 0.765625 0.3984375
vt 0.765625 0.4140625
vt 0.7578125 0.4140625
vt 0.7578125 0.3984375
vt 0.765625 0.3984375
vn 0 0 -1
vn 1 0 0
vn 0 0 1
vn -1 0 0
vn 0 1 0
vn 0 -1 0
usemtl m_1
f 4/4/1 7/3/1 5/2/1 2/1/1
f 3/8/2 4/7/2 2/6/2 1/5/2
f 8/12/3 3/11/3 1/10/3 6/9/3
f 7/16/4 8/15/4 6/14/4 5/13/4
f 6/20/5 1/19/5 2/18/5 5/17/5
f 7/24/6 4/23/6 3/22/6 8/21/6
o cube
v -0.375 1 0.4125000000000001
v -0.375 1 -0.4624999999999999
v -0.375 0.875 0.4125000000000001
v -0.375 0.875 -0.4624999999999999
v -0.5 1 -0.4624999999999999
v -0.5 1 0.4125000000000001
v -0.5 0.875 -0.4624999999999999
v -0.5 0.875 0.4125000000000001
vt 0.765625 0.4140625
vt 0.7578125 0.4140625
vt 0.7578125 0.3984375
vt 0.765625 0.3984375
vt 0.765625 0.4140625
vt 0.7578125 0.4140625
vt 0.7578125 0.3984375
vt 0.765625 0.3984375
vt 0.765625 0.4140625
vt 0.7578125 0.4140625
vt 0.7578125 0.3984375
vt 0.765625 0.3984375
vt 0.765625 0.4140625
vt 0.7578125 0.4140625
vt 0.7578125 0.3984375
vt 0.765625 0.3984375
vt 0.765625 0.4140625
vt 0.7578125 0.4140625
vt 0.7578125 0.3984375
vt 0.765625 0.3984375
vt 0.765625 0.4140625
vt 0.7578125 0.4140625
vt 0.7578125 0.3984375
vt 0.765625 0.3984375
vn 0 0 -1
vn 1 0 0
vn 0 0 1
vn -1 0 0
vn 0 1 0
vn 0 -1 0
usemtl m_1
f 12/28/7 15/27/7 13/26/7 10/25/7
f 11/32/8 12/31/8 10/30/8 9/29/8
f 16/36/9 11/35/9 9/34/9 14/33/9
f 15/40/10 16/39/10 14/38/10 13/37/10
f 14/44/11 9/43/11 10/42/11 13/41/11
f 15/48/12 12/47/12 11/46/12 16/45/12
o cube
v 0.4337865742476065 1 -0.002913911548181214
v 0.48162200329324273 1 -0.11839885311209203
v 0.4337865742476065 0.875 -0.002913911548181214
v 0.48162200329324273 0.875 -0.11839885311209203
v -0.44225752921804395 1 -0.5010822854771817
v -0.49009295826368016 1 -0.38559734391327094
v -0.44225752921804395 0.875 -0.5010822854771817
v -0.49009295826368016 0.875 -0.38559734391327094
vt 0.765625 0.4140625
vt 0.7578125 0.4140625
vt 0.7578125 0.3984375
vt 0.765625 0.3984375
vt 0.765625 0.4140625
vt 0.7578125 0.4140625
vt 0.7578125 0.3984375
vt 0.765625 0.3984375
vt 0.765625 0.4140625
vt 0.7578125 0.4140625
vt 0.7578125 0.3984375
vt 0.765625 0.3984375
vt 0.765625 0.4140625
vt 0.7578125 0.4140625
vt 0.7578125 0.3984375
vt 0.765625 0.3984375
vt 0.765625 0.4140625
vt 0.7578125 0.4140625
vt 0.7578125 0.3984375
vt 0.765625 0.3984375
vt 0.765625 0.4140625
vt 0.7578125 0.4140625
vt 0.7578125 0.3984375
vt 0.765625 0.3984375
vn 0.3826834323650897 0 -0.9238795325112867
vn 0.9238795325112867 0 0.3826834323650897
vn -0.3826834323650897 0 0.9238795325112867
vn -0.9238795325112867 0 -0.3826834323650897
vn 0 1 0
vn 0 -1 0
usemtl m_1
f 20/52/13 23/51/13 21/50/13 18/49/13
f 19/56/14 20/55/14 18/54/14 17/53/14
f 24/60/15 19/59/15 17/58/15 22/57/15
f 23/64/16 24/63/16 22/62/16 21/61/16
f 22/68/17 17/67/17 18/66/17 21/65/17
f 23/72/18 20/71/18 19/70/18 24/69/18
o cube
v 0.49393289644378113 0.9999999999999999 0.07804220197833245
v 0.44609746739814493 0.9999999999999999 -0.037442739585578366
v 0.49393289644378113 0.8749999999999999 0.07804220197833245
v 0.44609746739814493 0.8749999999999999 -0.037442739585578366
v -0.4777820651131419 1 0.3452406927795112
v -0.4299466360675057 1 0.46072563434342206
v -0.4777820651131419 0.8750000000000001 0.3452406927795112
v -0.4299466360675057 0.8750000000000001 0.46072563434342206
vt 0.765625 0.4140625
vt 0.7578125 0.4140625
vt 0.7578125 0.3984375
vt 0.765625 0.3984375
vt 0.765625 0.4140625
vt 0.7578125 0.4140625
vt 0.7578125 0.3984375
vt 0.765625 0.3984375
vt 0.765625 0.4140625
vt 0.7578125 0.4140625
vt 0.7578125 0.3984375
vt 0.765625 0.3984375
vt 0.765625 0.4140625
vt 0.7578125 0.4140625
vt 0.7578125 0.3984375
vt 0.765625 0.3984375
vt 0.765625 0.4140625
vt 0.7578125 0.4140625
vt 0.7578125 0.3984375
vt 0.765625 0.3984375
vt 0.765625 0.4140625
vt 0.7578125 0.4140625
vt 0.7578125 0.3984375
vt 0.765625 0.3984375
vn -0.3826834323650895 -3.480875304650994e-18 -0.9238795325112868
vn 0.9238795325112868 -1.7742164664287278e-16 -0.3826834323650895
vn 0.3826834323650895 3.480875304650994e-18 0.9238795325112868
vn -0.9238795325112868 1.7742164664287278e-16 0.3826834323650895
vn 1.6258415464858134e-16 1 -7.111223416235165e-17
vn -1.6258415464858134e-16 -1 7.111223416235165e-17
usemtl m_1
f 28/76/19 31/75/19 29/74/19 26/73/19
f 27/80/20 28/79/20 26/78/20 25/77/20
f 32/84/21 27/83/21 25/82/21 30/81/21
f 31/88/22 32/87/22 30/86/22 29/85/22
f 30/92/23 25/91/23 26/90/23 29/89/23
f 31/96/24 28/95/24 27/94/24 32/93/24
o cube
v 0.4337865742476065 0.125 -0.002913911548181214
v 0.48162200329324273 0.125 -0.11839885311209203
v 0.4337865742476065 0 -0.002913911548181214
v 0.48162200329324273 0 -0.11839885311209203
v -0.44225752921804395 0.125 -0.5010822854771817
v -0.49009295826368016 0.125 -0.38559734391327094
v -0.44225752921804395 0 -0.5010822854771817
v -0.49009295826368016 0 -0.38559734391327094
vt 0.765625 0.4140625
vt 0.7578125 0.4140625
vt 0.7578125 0.3984375
vt 0.765625 0.3984375
vt 0.765625 0.4140625
vt 0.7578125 0.4140625
vt 0.7578125 0.3984375
vt 0.765625 0.3984375
vt 0.765625 0.4140625
vt 0.7578125 0.4140625
vt 0.7578125 0.3984375
vt 0.765625 0.3984375
vt 0.765625 0.4140625
vt 0.7578125 0.4140625
vt 0.7578125 0.3984375
vt 0.765625 0.3984375
vt 0.765625 0.4140625
vt 0.7578125 0.4140625
vt 0.7578125 0.3984375
vt 0.765625 0.3984375
vt 0.765625 0.4140625
vt 0.7578125 0.4140625
vt 0.7578125 0.3984375
vt 0.765625 0.3984375
vn 0.3826834323650897 0 -0.9238795325112867
vn 0.9238795325112867 0 0.3826834323650897
vn -0.3826834323650897 0 0.9238795325112867
vn -0.9238795325112867 0 -0.3826834323650897
vn 0 1 0
vn 0 -1 0
usemtl m_1
f 36/100/25 39/99/25 37/98/25 34/97/25
f 35/104/26 36/103/26 34/102/26 33/101/26
f 40/108/27 35/107/27 33/106/27 38/105/27
f 39/112/28 40/111/28 38/110/28 37/109/28
f 38/116/29 33/115/29 34/114/29 37/113/29
f 39/120/30 36/119/30 35/118/30 40/117/30
o cube
v 0.49393289644378113 0.12499999999999988 0.07804220197833245
v 0.44609746739814493 0.12499999999999988 -0.037442739585578366
v 0.49393289644378113 -1.1871406146886477e-16 0.07804220197833245
v 0.44609746739814493 -1.1914917088194615e-16 -0.037442739585578366
v -0.4777820651131419 0.12500000000000006 0.3452406927795112
v -0.4299466360675057 0.12500000000000006 0.46072563434342206
v -0.4777820651131419 5.827247576092667e-17 0.3452406927795112
v -0.4299466360675057 5.870758517400805e-17 0.46072563434342206
vt 0.765625 0.4140625
vt 0.7578125 0.4140625
vt 0.7578125 0.3984375
vt 0.765625 0.3984375
vt 0.765625 0.4140625
vt 0.7578125 0.4140625
vt 0.7578125 0.3984375
vt 0.765625 0.3984375
vt 0.765625 0.4140625
vt 0.7578125 0.4140625
vt 0.7578125 0.3984375
vt 0.765625 0.3984375
vt 0.765625 0.4140625
vt 0.7578125 0.4140625
vt 0.7578125 0.3984375
vt 0.765625 0.3984375
vt 0.765625 0.4140625
vt 0.7578125 0.4140625
vt 0.7578125 0.3984375
vt 0.765625 0.3984375
vt 0.765625 0.4140625
vt 0.7578125 0.4140625
vt 0.7578125 0.3984375
vt 0.765625 0.3984375
vn -0.3826834323650895 -3.480875304650994e-18 -0.9238795325112868
vn 0.9238795325112868 -1.7742164664287278e-16 -0.3826834323650895
vn 0.3826834323650895 3.480875304650994e-18 0.9238795325112868
vn -0.9238795325112868 1.7742164664287278e-16 0.3826834323650895
vn 1.6258415464858134e-16 1 -7.111223416235165e-17
vn -1.6258415464858134e-16 -1 7.111223416235165e-17
usemtl m_1
f 44/124/31 47/123/31 45/122/31 42/121/31
f 43/128/32 44/127/32 42/126/32 41/125/32
f 48/132/33 43/131/33 41/130/33 46/129/33
f 47/136/34 48/135/34 46/134/34 45/133/34
f 46/140/35 41/139/35 42/138/35 45/137/35
f 47/144/36 44/143/36 43/142/36 48/141/36
o cube
v -0.375 0.5220860884518187 0.408786574247606
v -0.375 0.18723808513236517 -0.39960801669976986
v -0.375 0.4066011468879078 0.4566220032932422
v -0.375 0.07175314356845433 -0.35177258765413366
v -0.5 0.18723808513236517 -0.39960801669976986
v -0.5 0.5220860884518187 0.408786574247606
v -0.5 0.07175314356845433 -0.35177258765413366
v -0.5 0.4066011468879078 0.4566220032932422
vt 0 1
vt 0.875 1
vt 0.875 0.875
vt 0 0.875
vt 0 1
vt 0.875 1
vt 0.875 0.875
vt 0 0.875
vt 0 1
vt 0.875 1
vt 0.875 0.875
vt 0 0.875
vt 0 1
vt 0.875 1
vt 0.875 0.875
vt 0 0.875
vt 0 1
vt 0.1328125 1
vt 0.1328125 0.125
vt 0 0.125
vt 0 1
vt 0.1328125 1
vt 0.1328125 0.1328125
vt 0 0.1328125
vn 0 -0.3826834323650897 -0.9238795325112867
vn 1 0 0
vn 0 0.3826834323650897 0.9238795325112867
vn -1 0 0
vn 0 0.9238795325112867 -0.3826834323650897
vn 0 -0.9238795325112867 0.3826834323650897
usemtl m_0
f 52/148/37 55/147/37 53/146/37 50/145/37
f 51/152/38 52/151/38 50/150/38 49/149/38
f 56/156/39 51/155/39 49/154/39 54/153/39
f 55/160/40 56/159/40 54/158/40 53/157/40
f 54/164/41 49/163/41 50/162/41 53/161/41
f 55/168/42 52/167/42 51/166/42 56/165/42
o cube
v -0.375 0.48417791978821456 0.46292752631353207
v -0.375 1.0214775281350383 -0.38046391949935354
v -0.375 0.37875398906160385 0.39576507527017907
v -0.375 0.9160535974084276 -0.4476263705427066
v -0.5 1.0214775281350383 -0.38046391949935354
v -0.5 0.48417791978821456 0.46292752631353207
v -0.5 0.9160535974084276 -0.4476263705427066
v -0.5 0.37875398906160385 0.39576507527017907
vt 0 1
vt 0.875 1
vt 0.875 0.875
vt 0 0.875
vt 0 1
vt 0.875 1
vt 0.875 0.875
vt 0 0.875
vt 0 1
vt 0.875 1
vt 0.875 0.875
vt 0 0.875
vt 0 1
vt 0.875 1
vt 0.875 0.875
vt 0 0.875
vt 0 1
vt 0.1328125 1
vt 0.1328125 0.125
vt 0 0.125
vt 0 1
vt 0.1328125 1
vt 0.1328125 0.1328125
vt 0 0.1328125
vn 0 0.5372996083468238 -0.8433914458128857
vn 1 0 0
vn 0 -0.5372996083468238 0.8433914458128857
vn -1 0 0
vn 0 0.8433914458128857 0.5372996083468238
vn 0 -0.8433914458128857 -0.5372996083468238
usemtl m_0
f 60/172/43 63/171/43 61/170/43 58/169/43
f 59/176/44 60/175/44 58/174/44 57/173/44
f 64/180/45 59/179/45 57/178/45 62/177/45
f 63/184/46 64/183/46 62/182/46 61/181/46
f 62/188/47 57/187/47 58/186/47 61/185/47
f 63/192/48 60/191/48 59/190/48 64/189/48
o cube
v -0.375 1 -0.37499999999999994
v -0.375 1 -0.4999999999999999
v -0.375 0 -0.37499999999999994
v -0.375 0 -0.4999999999999999
v -0.5 1 -0.4999999999999999
v -0.5 1 -0.37499999999999994
v -0.5 0 -0.4999999999999999
v -0.5 0 -0.37499999999999994
vt 0.765625 0.4140625
vt 0.7578125 0.4140625
vt 0.7578125 0.3984375
vt 0.765625 0.3984375
vt 0.765625 0.4140625
vt 0.7578125 0.4140625
vt 0.7578125 0.3984375
vt 0.765625 0.3984375
vt 0.765625 0.4140625
vt 0.7578125 0.4140625
vt 0.7578125 0.3984375
vt 0.765625 0.3984375
vt 0.765625 0.4140625
vt 0.7578125 0.4140625
vt 0.7578125 0.3984375
vt 0.765625 0.3984375
vt 0.765625 0.4140625
vt 0.7578125 0.4140625
vt 0.7578125 0.3984375
vt 0.765625 0.3984375
vt 0.765625 0.4140625
vt 0.7578125 0.4140625
vt 0.7578125 0.3984375
vt 0.765625 0.3984375
vn 0 0 -1
vn 1 0 0
vn 0 0 1
vn -1 0 0
vn 0 1 0
vn 0 -1 0
usemtl m_1
f 68/196/49 71/195/49 69/194/49 66/193/49
f 67/200/50 68/199/50 66/198/50 65/197/50
f 72/204/51 67/203/51 65/202/51 70/201/51
f 71/208/52 72/207/52 70/206/52 69/205/52
f 70/212/53 65/211/53 66/210/53 69/209/53
f 71/216/54 68/215/54 67/214/54 72/213/54
o cube
v -0.375 1 0.5
v -0.375 1 0.375
v -0.375 0 0.5
v -0.375 0 0.375
v -0.5 1 0.375
v -0.5 1 0.5
v -0.5 0 0.375
v -0.5 0 0.5
vt 0.765625 0.4140625
vt 0.7578125 0.4140625
vt 0.7578125 0.3984375
vt 0.765625 0.3984375
vt 0.765625 0.4140625
vt 0.7578125 0.4140625
vt 0.7578125 0.3984375
vt 0.765625 0.3984375
vt 0.765625 0.4140625
vt 0.7578125 0.4140625
vt 0.7578125 0.3984375
vt 0.765625 0.3984375
vt 0.765625 0.4140625
vt 0.7578125 0.4140625
vt 0.7578125 0.3984375
vt 0.765625 0.3984375
vt 0.765625 0.4140625
vt 0.7578125 0.4140625
vt 0.7578125 0.3984375
vt 0.765625 0.3984375
vt 0.765625 0.4140625
vt 0.7578125 0.4140625
vt 0.7578125 0.3984375
vt 0.765625 0.3984375
vn 0 0 -1
vn 1 0 0
vn 0 0 1
vn -1 0 0
vn 0 1 0
vn 0 -1 0
usemtl m_1
f 76/220/55 79/219/55 77/218/55 74/217/55
f 75/224/56 76/223/56 74/222/56 73/221/56
f 80/228/57 75/227/57 73/226/57 78/225/57
f 79/232/58 80/231/58 78/230/58 77/229/58
f 78/236/59 73/235/59 74/234/59 77/233/59
f 79/240/60 76/239/60 75/238/60 80/237/60
o cube
v 0.5 1 0.037499999999999756
v 0.5 1 -0.08750000000000013
v 0.5 0 0.037499999999999756
v 0.5 0 -0.08750000000000013
v 0.375 1 -0.08750000000000013
v 0.375 1 0.037499999999999756
v 0.375 0 -0.08750000000000013
v 0.375 0 0.037499999999999756
vt 0.765625 0.4140625
vt 0.7578125 0.4140625
vt 0.7578125 0.3984375
vt 0.765625 0.3984375
vt 0.765625 0.4140625
vt 0.7578125 0.4140625
vt 0.7578125 0.3984375
vt 0.765625 0.3984375
vt 0.765625 0.4140625
vt 0.7578125 0.4140625
vt 0.7578125 0.3984375
vt 0.765625 0.3984375
vt 0.765625 0.4140625
vt 0.7578125 0.4140625
vt 0.7578125 0.3984375
vt 0.765625 0.3984375
vt 0.765625 0.4140625
vt 0.7578125 0.4140625
vt 0.7578125 0.3984375
vt 0.765625 0.3984375
vt 0.765625 0.4140625
vt 0.7578125 0.4140625
vt 0.7578125 0.3984375
vt 0.765625 0.3984375
vn 0 0 -1
vn 1 0 0
vn 0 0 1
vn -1 0 0
vn 0 1 0
vn 0 -1 0
usemtl m_1
f 84/244/61 87/243/61 85/242/61 82/241/61
f 83/248/62 84/247/62 82/246/62 81/245/62
f 88/252/63 83/251/63 81/250/63 86/249/63
f 87/256/64 88/255/64 86/254/64 85/253/64
f 86/260/65 81/259/65 82/258/65 85/257/65
f 87/264/66 84/263/66 83/262/66 88/261/66
o cube
v 0.48205824574849243 0.46371170958299446 0.04015505823889731
v 0.4417142540846135 0.48941366687431703 -0.07532988332501367
v 0.4148957947051394 0.35828777885638374 0.04015505823889742
v 0.37455180304126046 0.3839897361477063 -0.07532988332501361
v -0.3861773465146159 1.016838784788401 0.33127126356289416
v -0.34583335485073696 0.9911368274970784 0.44675620512680514
v -0.4533397975579688 0.9114148540617903 0.33127126356289427
v -0.41299580589408996 0.8857128967704677 0.44675620512680525
vt 0 1
vt 0.875 1
vt 0.875 0.875
vt 0 0.875
vt 0 1
vt 0.875 1
vt 0.875 0.875
vt 0 0.875
vt 0 1
vt 0.875 1
vt 0.875 0.875
vt 0 0.875
vt 0 1
vt 0.875 1
vt 0.875 0.875
vt 0 0.875
vt 0 1
vt 0.875 1
vt 0.875 0.875
vt 0 0.875
vt 0 1
vt 0.875 1
vt 0.875 0.875
vt 0 0.875
vn -0.32275193331103064 0.20561565833058057 -0.9238795325112868
vn 0.7791920946816274 -0.4964001109779611 -0.3826834323650896
vn 0.32275193331103064 -0.20561565833058057 0.9238795325112868
vn -0.7791920946816274 0.4964001109779611 0.3826834323650896
vn 0.5372996083468238 0.8433914458128857 -2.7755575615628914e-16
vn -0.5372996083468238 -0.8433914458128857 2.7755575615628914e-16
usemtl m_0
f 92/268/67 95/267/67 93/266/67 90/265/67
f 91/272/68 92/271/68 90/270/68 89/269/68
f 96/276/69 91/275/69 89/274/69 94/273/69
f 95/280/70 96/279/70 94/278/70 93/277/70
f 94/284/71 89/283/71 90/282/71 93/281/71
f 95/288/72 92/287/72 91/286/72 96/285/72
o cube
v 0.3251219492486823 1.0010857891784186 -0.0012481729610603898
v 0.3654659409125611 1.0267877464697412 -0.11673311452497126
v 0.3922844002920354 0.8956618584518077 -0.0012481729610603898
v 0.4326283919559143 0.9213638157431303 -0.11673311452497126
v -0.46242565968666827 0.4993626285556574 -0.5233342614128794
v -0.5027696513505471 0.47366067126433475 -0.40784931984896855
v -0.3952632086433151 0.39393869782904634 -0.5233342614128794
v -0.43560720030719396 0.3682367405377237 -0.40784931984896855
vt 0 1
vt 0.875 1
vt 0.875 0.875
vt 0 0.875
vt 0 1
vt 0.875 1
vt 0.875 0.875
vt 0 0.875
vt 0 1
vt 0.875 1
vt 0.875 0.875
vt 0 0.875
vt 0 1
vt 0.875 1
vt 0.875 0.875
vt 0 0.875
vt 0 1
vt 0.875 1
vt 0.875 0.875
vt 0 0.875
vt 0 1
vt 0.875 1
vt 0.875 0.875
vt 0 0.875
vn 0.3227519333110307 0.20561565833058093 -0.9238795325112867
vn 0.7791920946816271 0.496400110977961 0.3826834323650897
vn -0.3227519333110307 -0.20561565833058093 0.9238795325112867
vn -0.7791920946816271 -0.496400110977961 -0.3826834323650897
vn -0.5372996083468239 0.8433914458128858 0
vn 0.5372996083468239 -0.8433914458128858 0
usemtl m_0
f 100/292/73 103/291/73 101/290/73 98/289/73
f 99/296/74 100/295/74 98/294/74 97/293/74
f 104/300/75 99/299/75 97/298/75 102/297/75
f 103/304/76 104/303/76 102/302/76 101/301/76
f 102/308/77 97/307/77 98/306/77 101/305/77
f 103/312/78 100/311/78 99/310/78 104/309/78
o cube
v 0.45689439643548047 0.17456346603365613 -0.0017701868137857402
v 0.5010885702596397 0.15625763985781527 -0.11725512837769661
v 0.40905896738984426 0.059078524469745264 -0.0017701868137857402
v 0.4532531412140035 0.04077269829390451 -0.11725512837769661
v -0.40581190724571403 0.531908117363169 -0.5238562752656046
v -0.4500060810698733 0.5502139435390097 -0.40837133370169376
v -0.45364733629135023 0.416423175799258 -0.5238562752656046
v -0.4978415101155095 0.4347290019750988 -0.40837133370169376
vt 0 1
vt 0.875 1
vt 0.875 0.875
vt 0 0.875
vt 0 1
vt 0.875 1
vt 0.875 0.875
vt 0 0.875
vt 0 1
vt 0.875 1
vt 0.875 0.875
vt 0 0.875
vt 0 1
vt 0.875 1
vt 0.875 0.875
vt 0 0.875
vt 0 1
vt 0.875 1
vt 0.875 0.875
vt 0 0.875
vt 0 1
vt 0.875 1
vt 0.875 0.875
vt 0 0.875
vn 0.35355339059327373 -0.1464466094067262 -0.9238795325112867
vn 0.8535533905932737 -0.35355339059327373 0.3826834323650897
vn -0.35355339059327373 0.1464466094067262 0.9238795325112867
vn -0.8535533905932737 0.35355339059327373 -0.3826834323650897
vn 0.3826834323650897 0.9238795325112867 0
vn -0.3826834323650897 -0.9238795325112867 0
usemtl m_0
f 108/316/79 111/315/79 109/314/79 106/313/79
f 107/320/80 108/319/80 106/318/80 105/317/80
f 112/324/81 107/323/81 105/322/81 110/321/81
f 111/328/82 112/327/82 110/326/82 109/325/82
f 110/332/83 105/331/83 106/330/83 109/329/83
f 111/336/84 108/335/84 107/334/84 112/333/84
o cube
v 0.43571193826873333 0.628023547228905 0.03936349563680552
v 0.3932813944955258 0.6059356042035795 -0.07612144592710546
v 0.4934305149231125 0.5171471930816273 0.03936349563680552
v 0.450999971149905 0.4950592500563018 -0.07612144592710546
v -0.47742795651168846 0.15267300546192888 0.3304797009608026
v -0.4349974127384809 0.1747609484872543 0.4459646425247136
v -0.4197093798573093 0.04179665131465117 0.3304797009608026
v -0.37727883608410173 0.06388459433997658 0.4459646425247136
vt 0 1
vt 0.875 1
vt 0.875 0.875
vt 0 0.875
vt 0 1
vt 0.875 1
vt 0.875 0.875
vt 0 0.875
vt 0 1
vt 0.875 1
vt 0.875 0.875
vt 0 0.875
vt 0 1
vt 0.875 1
vt 0.875 0.875
vt 0 0.875
vt 0 1
vt 0.875 1
vt 0.875 0.875
vt 0 0.875
vt 0 1
vt 0.875 1
vt 0.875 0.875
vt 0 0.875
vn -0.3394443501856599 -0.17670354420260306 -0.9238795325112868
vn 0.8194911538891424 0.426600092933318 -0.38268343236508967
vn 0.3394443501856599 0.17670354420260306 0.9238795325112868
vn -0.8194911538891424 -0.426600092933318 0.38268343236508967
vn -0.46174861323503386 0.8870108331782217 0
vn 0.46174861323503386 -0.8870108331782217 0
usemtl m_0
f 116/340/85 119/339/85 117/338/85 114/337/85
f 115/344/86 116/343/86 114/342/86 113/341/86
f 120/348/87 115/347/87 113/346/87 118/345/87
f 119/352/88 120/351/88 118/350/88 117/349/88
f 118/356/89 113/355/89 114/354/89 117/353/89
f 119/360/90 116/359/90 115/358/90 120/357/90